   100000000.00000000       5.02550663486991955E-003  9.35300056215115222E-003
   117489755.57457723       4.20189601429631771E-003  8.48435429112659109E-003
   138038426.64973900       3.50934203502196269E-003  7.69417759355911848E-003
   162181010.06977043       2.92761103501642085E-003  6.97553033256837016E-003
   190546072.31935373       2.44003587484460920E-003  6.32282022887879769E-003
   223872114.62496588       2.03156781719531724E-003  5.72978998198307721E-003
   263026800.27250975       1.69002590447527956E-003  5.19157700645143851E-003
   309029544.73580313       1.40466778404117450E-003  4.70311710441122591E-003
   363078056.76332384       1.16664078947975440E-003  4.26020369680724532E-003
   426579521.43615395       9.68202445067057357E-004  3.85851904453228881E-003
   501187237.06653851       8.02934195601562447E-004  3.49432927966606419E-003
   588843659.80045307       6.65518402514897532E-004  3.16446081347908923E-003
   691830976.61594737       5.51231634437359969E-004  2.86540893467464915E-003
   812830523.41528702       4.56362277232888588E-004  2.59464288177697162E-003
   954992595.19617736       3.77572232935821791E-004  2.34921833282657894E-003
   1122018465.8513005       3.12246824609986107E-004  2.12700780272650483E-003
   1318256753.0303142       2.58105501101109130E-004  1.92578399972346583E-003
   1548816636.9806743       2.13253296773821934E-004  1.74354888472021824E-003
   1819700881.0869813       1.76109493267966814E-004  1.57848170023629263E-003
   2137962117.3775225       1.45389405673948237E-004  1.42908782501962152E-003
   2511886465.9839072       1.19980619210601684E-004  1.29381052091661502E-003
   2951209269.1953783       9.89604518042986188E-005  1.17123062694344301E-003
   3467368556.8719168       8.15944588684966584E-005  1.06025476345561541E-003
   4073802842.3385606       6.72517708330170829E-005  9.59773118233643390E-004
   4786301002.0537548       5.54071692373098756E-005  8.68763409714735273E-004
   5623413348.3764963       4.56331886517462920E-005  7.86363253162012505E-004
   6606934597.9556942       3.75673482141049991E-005  7.11723570933166781E-004
   7762471310.1103220       3.09153284504643747E-005  6.44128848159530669E-004
   9120108568.7952995       2.54302172558958522E-005  5.82900088249234437E-004
   10715193265.613670       2.09095252555243364E-005  5.27442915605088420E-004
   12589254377.113062       1.71853355254015390E-005  4.77216280157609493E-004
   14791084196.331900       1.41184554456245357E-005  4.31726658635496301E-004
   17378008669.100269       1.15939944972182653E-005  3.90530320937345753E-004
   20417379909.054749       9.51677549494126486E-006  3.53222008592734258E-004
   23988329749.881260       7.80794228681131410E-006  3.19429650736228988E-004
   28183829989.559086       6.40436644421794060E-006  2.88859972710902202E-004
   33113112966.287361       5.24877153402127907E-006  2.61128919388488637E-004
   38904515487.224663       4.30089336431481318E-006  2.36057100315180824E-004
   45708820153.413795       3.52201111433712863E-006  2.13342013017037336E-004
   53703181074.268959       2.88281896107820636E-006  1.92780685657284239E-004
   63095736179.931221       2.35855870097302345E-006  1.74173059839723387E-004
   74131026215.781281       1.92867761805268394E-006  1.57332213479845852E-004
   87096361505.847183       1.57644063738998517E-006  1.42096351531515569E-004
   102329302247.57002       1.28786815127522914E-006  1.28310054709778425E-004
   120226447091.84038       1.05157790691792486E-006  1.15837693533838237E-004
   141253758824.20166       8.58170161217739099E-007  1.04554349752463118E-004
   165958695982.45737       7.00023291141867819E-007  9.43537001991040432E-005
   194984466264.54486       5.70702362494072082E-007  8.51284211872131469E-005
   229086772822.60773       4.65037926419180017E-007  7.67891370444243786E-005
   269153489442.96884       3.78732766834635540E-007  6.92509360106395637E-005
   316227776866.98962       3.08250491283702150E-007  6.24354706805426313E-005
   371535242099.94556       2.50764834820009489E-007  5.62793547078875613E-005
   436515847816.63977       2.03870349816416234E-007  5.07158914743867606E-005
   512861402644.06354       1.65648819210226571E-007  4.56905778772121244E-005
   602559608402.85864       1.34509382290294986E-007  4.11516850811296627E-005
   707945811103.64819       1.09142974238929861E-007  3.70510616084129799E-005
   831763803066.13452       8.84983048757176059E-008  3.33482935615845463E-005
   977237259180.20923       7.17028102684763596E-008  3.00046693944229648E-005
   1148153667194.5256       5.80489742101256578E-008  2.69862964369433402E-005
   1348962937207.3931       4.69563105803210326E-008  2.42620947287006789E-005
   1584893257716.6038       3.79430830787529488E-008  2.18017956181351731E-005
   1862087214609.1919       3.19128925327673668E-008  1.99889485901344602E-005
   2187761717029.7930       2.46958541887773376E-008  1.75773506618208640E-005
   2570395893892.4775       1.98895896865529099E-008  1.57697254671197147E-005
   3019951853033.2412       1.59973899532521750E-008  1.41388158474232603E-005
   3548134050598.6704       1.28500292268702346E-008  1.26684897439176286E-005
   4168694023506.7241       1.03071114380520585E-008  1.13431122999730517E-005
   4897788418870.0596       8.25584605732232786E-009  1.01494340672522165E-005
   5754399641890.3828       6.60357257823443974E-009  9.07514988143268279E-006
   6760830074041.3584       5.27484254859046474E-009  8.10920149622179529E-006
   7943282728803.7002       4.20686177231817399E-009  7.24047092503169751E-006
   9332543462669.0742       3.35635122385309699E-009  6.46608598718427446E-006
   10964782503181.082       2.67533030633296859E-009  5.77193578517361238E-006
   12882496162271.463       2.13313227177691593E-009  5.15313713792412415E-006
   15135613252957.033       1.70248973665914061E-009  4.60298903232363503E-006
   17782795015612.535       1.36122228157475088E-009  4.11530296683858991E-006
   20892962398171.270       1.09121216117028883E-009  3.68413926495757258E-006
   24547090453899.754       8.78100721496572490E-010  3.30447300187774983E-006
   28840316574957.199       7.08476920604202444E-010  2.96787291204125303E-006
   33884417450851.496       5.73969232583307301E-010  2.67105572120544269E-006
   39810719240874.813       4.66346200552622282E-010  2.40742232360072276E-006
   46773516728585.000       3.79491525959241776E-010  2.17150706710175809E-006
   54954090478048.508       3.08764427060890398E-010  1.95856603867500058E-006
   64565426580891.211       2.50653726149785969E-010  1.76452508458766759E-006
   75857761875572.188       2.02704434987832448E-010  1.58668249083310031E-006
   89125099011954.594       1.63128237387471632E-010  1.42328523216040813E-006
   104712860984745.41       1.30678534437967812E-010  1.27379584724841280E-006
   123026884426124.20       1.04424759642766072E-010  1.13860052916596245E-006
   144543985803270.94       8.35208128734262673E-011  1.01821821026013423E-006
   169824375618014.63       6.71005740563935954E-011  9.12604595825119356E-007
   199526243819657.31       4.69403841596743154E-011  7.63232673634522328E-007
   234422896170850.38       4.41078138674778157E-011  7.39836121479167224E-007
   275422887721977.06       3.58820623416564227E-011  6.67264107211837623E-007
   323593677580993.13       2.90379076376566264E-011  6.00238319323784138E-007
   380189420844694.31       2.33237210798410843E-011  5.37925951486429187E-007
   446683621270832.13       1.86430260318477833E-011  4.80911386122251347E-007
   524807494822770.88       1.49533567791753466E-011  4.30686048617054090E-007
   616595042904335.50       1.20992517580267797E-011  3.87397533354480786E-007
   724436008793263.38       9.84292690432340788E-012  3.49403328071942102E-007
   851138096025427.88       7.96892200701369095E-012  3.14378256044087390E-007
