  1.99999995E-04   1143.6744    
  2.14501633E-04   1226.3962    
  2.30054749E-04   1315.0713    
  2.46735610E-04   1410.1176    
  2.64625967E-04   1511.9845    
  2.83813511E-04   1621.1482    
  3.04392306E-04   1738.1238    
  3.26463225E-04   1863.4548    
  3.50134505E-04   1997.7162    
  3.75522097E-04   2141.5325    
  4.02750535E-04   2295.5447    
  4.31953231E-04   2460.4500    
  4.63273376E-04   2636.9702    
  4.96864493E-04   2825.8796    
  5.32891252E-04   3027.9990    
  5.71530196E-04   3244.2034    
  6.12970849E-04   3475.4006    
  6.57416240E-04   3722.5349    
  7.05084298E-04   3986.6038    
  7.56208668E-04   4268.6563    
  8.11039994E-04   4569.7744    
  8.69847019E-04   4891.0991    
  9.32918047E-04   5233.8291    
  1.00056222E-03   5599.1973    
  1.07311120E-03   5988.4375    
  1.15092052E-03   6402.7949    
  1.23437168E-03   6843.5386    
  1.32387376E-03   7311.9707    
  1.41986541E-03   7809.4121    
  1.52281718E-03   8337.1484    
  1.63323397E-03   8896.5254    
  1.75165676E-03   9488.7256    
  1.87866623E-03   10114.827    
  2.01488496E-03   10775.868    
  2.16098060E-03   11472.756    
  2.31766934E-03   12206.327    
  2.48571928E-03   12977.221    
  2.66595418E-03   13785.989    
  2.85925786E-03   14632.766    
  3.06657725E-03   15517.251    
  3.28892935E-03   16438.887    
  3.52740358E-03   17396.736    
  3.78316920E-03   18389.480    
  4.05748002E-03   19415.385    
  4.35168017E-03   20472.303    
  4.66721272E-03   21557.215    
  5.00562368E-03   22666.352    
  5.36857266E-03   23795.170    
  5.75783802E-03   24938.598    
  6.17532851E-03   26090.500    
  6.62309024E-03   27243.805    
  7.10331835E-03   28390.469    
  7.61836721E-03   29521.473    
  8.17076117E-03   30626.535    
  8.76320805E-03   31694.275    
  9.39861219E-03   32712.152    
  1.00800889E-02   33666.645    
  1.08109778E-02   34543.074    
  1.15948617E-02   35324.355    
  1.24355843E-02   35994.348    
  1.33372657E-02   36540.820    
  1.43043268E-02   36939.129    
  1.53415073E-02   37154.574    
  1.64538920E-02   37214.363    
  1.76469348E-02   37168.539    
  1.89264808E-02   36943.500    
  2.02988051E-02   36443.168    
  2.17706356E-02   35644.691    
  2.33491845E-02   34581.375    
  2.50421911E-02   33347.102    
  2.68579554E-02   31994.994    
  2.88053770E-02   30532.980    
  3.08940019E-02   28927.459    
  3.31340693E-02   27179.758    
  3.55365612E-02   25498.416    
  3.81132513E-02   24008.893    
  4.08767760E-02   22579.705    
  4.38406765E-02   21146.229    
  4.70194854E-02   19761.385    
  5.04287817E-02   18546.514    
  5.40852807E-02   17620.984    
  5.80069050E-02   16868.957    
  6.22128807E-02   16112.198    
  6.67238235E-02   15242.596    
  7.15618432E-02   14217.094    
  7.67506659E-02   13065.639    
  8.23157206E-02   11764.105    
  8.82842764E-02   10368.884    
  9.46856141E-02   9099.2354    
  0.10155109       8074.3706    
  0.10891438       7343.3613    
  0.11681157       6850.8257    
  0.12528136       6415.9126    
  0.13436528       5864.4175    
  0.14410786       5144.4370    
  0.15455686       4397.7197    
  0.16576350       3831.4377    
  0.17778271       3484.4807    
  0.19067341       3203.3140    
  0.20449880       2828.0364    
  0.21932663       2412.3269    
  0.23522960       2112.5618    
  0.25228566       1904.4932    
  0.27057844       1669.5109    
  0.29019761       1433.6384    
  0.31123930       1264.0310    
  0.33380669       1106.8330    
  0.35801041       954.96350    
  0.38396910       834.71362    
  0.41180998       722.11993    
  0.44166958       625.24554    
  0.47369424       541.95398    
  0.50804096       468.35516    
  0.54487807       403.66809    
  0.58438617       347.19336    
  0.62675899       298.18088    
  0.67220414       255.85741    
  0.72094440       219.38055    
  0.77321881       187.94594    
  0.82928348       160.86296    
  0.88941336       137.53671    
  0.95390308       117.45618    
   1.0230689       100.19062    
   1.0972497       85.364777    
   1.1768093       72.650452    
   1.2621375       61.761330    
   1.3536528       52.449562    
   1.4518038       44.504452    
   1.5570714       37.740047    
   1.6699718       31.991709    
   1.7910585       27.118923    
   1.9209249       22.988329    
   2.0602076       19.486883    
   2.2095895       16.518759    
   2.3698030       14.002719    
   2.5416329       11.869907    
   2.7259221       10.061954    
   2.9235737       8.5293770    
   3.1355569       7.2302327    
   3.3629103       6.1289673    
   3.6067488       5.1954393    
   3.8682678       4.4041009    
   4.1487489       3.7332945    
   4.4495668       3.1646612    
   4.7721968       2.6826386    
   5.1182203       2.2740352    
   5.4893332       1.9276676    
   5.8873549       1.6340568    
   6.3142362       1.3851670    
   6.7720699       1.1741867    
   7.2631001      0.99534154    
   7.7897344      0.84373701    
   8.3545542      0.71522403    
   8.9603271      0.60628533    
   9.6100245      0.51393956    
